254442893
211106506
7610267
253197989
257149858
150306593
188104747
108290203
267706988
104063578
41246389
260709554
85068173
168495717
203635818
136868042
89002023
88274252
221608259
211451181
77344046
191346642
91589571
110808586
209041839
170311515
82271817
88602813
143938957
146199802
152816954
236130786
174078347
60460112
252297184
210788308
174329075
21565652
102854870
223404660
210938163
92855974
88490495
75857171
79044606
63301339
240713316
5764551
86020482
202728248
257103220
78136288
90452486
79327330
213746977
159009541
203747032
103751657
206517266
27634240
103966701
4404240
245914983
19541404
137102305
138224896
28525757
9674254
116642370
85332830
177678976
221107845
215942166
90474639
50207192
98199598
103624883
125771082
160510644
22882711
59866717
126247968
123916282
151669651
189983624
228463208
27894838
68033359
252480300
180818815
56833742
85856905
161444260
78565194
176788853
35689292
192847265
69870694
249834828
177689781
143815043
260130080
248977043
219351255
52111122
194873464
155352026
201674893
125109360
89920571
97554086
142302216
4198784
117234182
1062507
86679505
184453272
146275102
13249992
223066125
58292700
154059061
105036915
116228738
214481573
178133623
164987636
219788317
80887014
33038892
253487002
4457095
210265658
3601806
131828929
147265215
258818997
51239989
156050706
96467786
33924858
67069906
51872613
75025492
143272050
263662444
112509378
146376360
119506679
2285551
148483632
235434728
107104306
179694944
105518927
205148550
138565999
263059946
240549752
33499274
233696534
236102468
58106314
101616341
14917818
10107699
27780851
101966190
32452730
179067235
17845351
98137375
228195750
138577986
154352431
132770457
86089372
203702439
21515598
251344336
156895409
102470334
88481228
36985663
155751148
32370604
256313177
259707269
162703316
174551837
143234045
242179483
7955355
137327227
49468862
123586109
203902222
150373289
140755881
17518763
98230967
263827780
102098437
258724017
28449902
254178091
147925600
167271820
202084654
263413845
101271889
213293407
142876208
218472216
78453343
29839058
205578935
148088352
110354136
67109757
53596896
19481763
96028000
97850433
158062712
227446060
35918242
119286798
102613890
79677356
187369562
166398591
141290026
165300018
83343611
82377343
245146450
116831598
80053241
121484115
195726852
2495028
130422664
59894930
136938886
94538628
92876429
211628891
69215988
7250166
26751428
74726577
4226411
140028247
96384693
95898070
221409504
196408586
250700194
26993638
73278483
150768156
168215789
30413941
217388625
61248647
23317772
2173040
160703026
221774967
193935475
173173289
39369590
240931112
133328439
187283154
30597992
106341
73211627
66310616
2390456
149458644
7839574
147536133
159067925
116616039
77473331
8780489
209510101
42321636
49473454
215671158
244440157
164012343
221103480
84769662
120407750
81139678
121880402
214280190
195030972
70725592
42714002
167059585
14818437
164936646
242224325
99809261
226086204
142832329
158483782
56928481
120765206
179669095
91459666
65386985
216723273
135853673
148457279
16654776
142711399
118704293
173356876
83222617
86453748
80597259
159329096
183408373
243730070
220437788
216838633
264668014
45462035
51038397
196191363
60074724
167651350
150471574
37730035
108313619
139311547
37097207
201732620
138224693
223299723
109385939
25696160
16668532
128485702
83868021
251063340
154123667
211462917
8698487
208890053
127656779
155184046
43285356
145420333
250897077
207119374
151519561
62234437
211299983
186282890
62464838
138982730
183806717
26433096
136167032
22679404
131618954
56324677
245583002
248953065
164575564
63895276
82167869
21050792
15529655
138981145
428644
225898519
59877380
6517803
50275195
127011381
159862701
23501389
218722633
198114063
40977151
170587361
110921909
206824124
21824519
72058134
150428093
180816377
245936111
232972764
138732838
705021
250728148
90527337
198166181
207537333
44980167
142140339
209994984
236715515
190677405
45594611
30855452
132153451
175510430
77619756
111128882
85874720
172129812
139791320
217796406
223267960
267459204
74894272
205086898
134109659
13173152
2565788
193272959
35020214
242751340
148408421
175064383
32167865
212594605
81019161
104712934
10254585
135049481
174735179
167803831
41810092
128211708
157793333
93872355
31501403
147421404
216531011
202368223
96401944
227351330
195064227
51905741
143649452
53997695
43528447
232897029
224323546
103351827
111147439
149002691
146542713
218787133
178144501
9032438
10250011
99271351
64908149
133324151
135030500
30689045
74413229
205430670
45463037
69757624
100049387
19656100
263357814
239842280
67409519
140866378
7662674
157719781
145205132
19363466
47391489
243281359
249441342
242401667
64673863
164930233
257553198
107883217
9745457
155140450
259160939
90909814
167989976
83186857